Part A:
 

Printing matrices:
Matrix A:

      2.58       3.37       4.85       13.7       13.8 
      16.4      0.444       7.72       12.4       13.4 
      12.6      0.191       14.9       7.53       19.6 
      2.92      0.952       1.47       17.4       14.8 
      6.65       13.3       17.1       19.4       5.93 
      11.1      0.612       15.9       7.46       4.36 
      12.9      0.358        3.1       7.49       9.54 
Matrix R:

      27.9       4.34       23.7       24.9       27.1 
         0       13.1       12.2       17.3       2.87 
         0          0       12.3      -2.28      0.485 
         0          0          0       16.3       15.7 
         0          0          0          0       11.2 
Identity matrix:

         1          0          0          0          0 
         0          1          0          0          0 
         0          0          1          0          0 
         0          0          0          1          0 
         0          0          0          0          1 
Q matrix:

    0.0926      0.227   -0.00984      0.456      0.308 
     0.589     -0.162     -0.349    -0.0142     -0.155 
     0.451     -0.135      0.477    -0.0153      0.693 
     0.105     0.0381     -0.121      0.853     -0.136 
     0.238      0.938    0.00189     -0.172    -0.0459 
     0.399    -0.0857      0.607     0.0249     -0.615 
     0.462     -0.126     -0.516     -0.184      0.047 
Transpose of Q, Q^T:

    0.0926      0.589      0.451      0.105      0.238      0.399      0.462 
     0.227     -0.162     -0.135     0.0381      0.938    -0.0857     -0.126 
  -0.00984     -0.349      0.477     -0.121    0.00189      0.607     -0.516 
     0.456    -0.0142    -0.0153      0.853     -0.172     0.0249     -0.184 
     0.308     -0.155      0.693     -0.136    -0.0459     -0.615      0.047 
Q^T*Q=

         1   3.47e-17   7.22e-16   5.55e-16   3.47e-17 
  3.47e-17          1   3.33e-16    3.3e-16  -4.49e-16 
  7.22e-16   3.33e-16          1          0    5.2e-17 
  5.55e-16    3.3e-16          0          1   6.94e-18 
  3.47e-17  -4.49e-16    5.2e-17   6.94e-18          1 

 
 Tests:
Is Q^TQ=I? True
Is Q*R=A?: True
Is R upper triangular? True

 
Solving for x in linear system of equations of form Ax=b
Matrix A3:

      7.01       3.85       18.4       7.86       5.63 
      4.96       9.96       3.93      0.179       8.26 
      15.2       16.6       4.29       14.9       5.06 
      6.91       15.9       1.38       11.5        9.7 
      9.28       6.22       5.48       7.75       2.64 
Vector b:
      15.8       4.56      0.261       8.06      0.467 
x is given by:
     -1.29      0.417      0.947      0.478      0.365 
A*x =
      15.8       4.56      0.261       8.06      0.467 
Is A*x=b?: True

 
 
Part B:
 

I will use the above square matrix A3:

      7.01       3.85       18.4       7.86       5.63 
      4.96       9.96       3.93      0.179       8.26 
      15.2       16.6       4.29       14.9       5.06 
      6.91       15.9       1.38       11.5        9.7 
      9.28       6.22       5.48       7.75       2.64 
R3=

        21       23.7       13.1       20.8       11.9 
         0       10.9      -6.63       1.81       7.07 
         0          0       13.8      0.611        5.6 
         0          0          0        6.6      -1.38 
         0          0          0          0       1.52 
Q3=

     0.334     -0.371      0.841      0.163     -0.131 
     0.236      0.399      0.252     -0.848      0.034 
     0.727    -0.0588     -0.407     0.0319      -0.55 
      0.33      0.741      0.144      0.494      0.279 
     0.442     -0.388     -0.209    -0.0903      0.776 
inv(A3)=

   -0.0903      0.054      -0.12     -0.031      0.367 
    0.0787     0.0513      0.314     -0.112     -0.519 
    0.0956     0.0147      0.121    -0.0692     -0.227 
   0.00671     -0.124    -0.0708      0.113     0.0931 
   -0.0863     0.0224     -0.363      0.184      0.512 
inv(A3)*A3=

         1  -6.22e-15  -1.33e-15     -4e-15  -3.33e-15 
  2.66e-15          1  -8.88e-16   3.55e-15   3.55e-15 
  2.22e-15   3.33e-15          1   2.22e-15   1.78e-15 
  2.22e-15      2e-15      2e-15          1   7.22e-16 
 -2.66e-15  -6.22e-15   4.44e-16  -3.11e-15          1 
Is inv(A3)*A3=I?: True
