Random symmetric matrix A=

         4         18         18          7          6         17          5         11 
        18          2          8         10         17         14          9         15 
        18          8         10         11          6          1         12          1 
         7         10         11         11          5         13          9         11 
         6         17          6          5         14         15         10          5 
        17         14          1         13         15         13         11          3 
         5          9         12          9         10         11         12          4 
        11         15          1         11          5          3          4         16 

Matrix with eigenvectors V=

     0.661     0.0127      0.247      0.242      0.504     -0.183     -0.089      0.384 
    -0.351      0.784    0.00872     -0.108      0.207       0.15      -0.13       0.41 
    -0.424     -0.273     -0.205     -0.137      0.283     -0.694      0.185      0.297 
     0.208      0.139     -0.543      0.384     -0.558     -0.218     -0.145       0.34 
     0.216     -0.225     -0.479     -0.462      0.129      0.475      0.297      0.359 
    -0.365     -0.321      0.257      0.572    -0.0394      0.383      0.244      0.403 
     0.153     0.0783       0.53     -0.382     -0.528      -0.19      0.357      0.318 
    -0.114     -0.363      0.158     -0.278     -0.122     0.0824     -0.803      0.295 

Diagonal matrix with eigenvalues D=

     -23.1  -3.23e-10  -1.78e-13  -6.29e-15   8.46e-18    3.9e-08   9.07e-08   1.98e-09 
 -3.23e-10      -15.4  -3.28e-13  -8.74e-15  -1.98e-20  -8.87e-08   2.23e-08   1.61e-10 
 -1.79e-13  -3.28e-13      -1.91   2.34e-14  -8.56e-21    3.3e-09  -2.14e-10   1.56e-13 
 -6.65e-15  -9.16e-15   2.54e-14       5.14          0  -3.48e-10   3.67e-12   5.19e-15 
  6.05e-16   4.48e-16   6.27e-16   1.09e-15       6.06  -9.37e-11   2.01e-15  -4.15e-17 
   3.9e-08  -8.87e-08    3.3e-09  -3.48e-10  -9.37e-11         15  -5.87e-16   1.44e-07 
  9.07e-08   2.23e-08  -2.14e-10   3.66e-12   1.33e-15  -1.48e-15       16.9  -5.29e-23 
  1.98e-09   1.61e-10   1.56e-13    5.3e-15   2.54e-15   1.44e-07  -1.53e-15       79.4 

V^T*A*T is=

     -23.1  -3.23e-10  -1.77e-13  -1.02e-14     -2e-15    3.9e-08   9.07e-08   1.98e-09 
 -3.23e-10      -15.4  -3.26e-13  -4.66e-15   6.66e-16  -8.87e-08   2.23e-08   1.61e-10 
 -1.77e-13  -3.27e-13      -1.91   2.57e-14   3.41e-15    3.3e-09  -2.14e-10   1.56e-13 
 -1.12e-14     -4e-15   2.61e-14       5.14  -3.61e-16  -3.48e-10   3.67e-12   1.16e-14 
 -8.88e-16  -1.11e-16   4.64e-15  -1.86e-15       6.06  -9.37e-11  -5.55e-16   -4.3e-15 
   3.9e-08  -8.87e-08    3.3e-09  -3.48e-10  -9.37e-11         15  -3.89e-15   1.44e-07 
  9.07e-08   2.23e-08  -2.14e-10   3.67e-12  -2.22e-16  -5.77e-15       16.9  -3.55e-15 
  1.98e-09   1.61e-10   1.59e-13   6.22e-15     -4e-15   1.44e-07  -7.11e-15       79.4 

Is V^T*A*T=D ? True

V*D*V^T is=

         4         18         18          7          6         17          5         11 
        18          2          8         10         17         14          9         15 
        18          8         10         11          6          1         12          1 
         7         10         11         11          5         13          9         11 
         6         17          6          5         14         15         10          5 
        17         14          1         13         15         13         11          3 
         5          9         12          9         10         11         12          4 
        11         15          1         11          5          3          4         16 

Is V*D*V^T=A? True

V^T*V is=

         1  -5.55e-17  -1.18e-16  -2.08e-17   1.42e-16   2.27e-16  -8.33e-17   9.02e-17 
 -5.55e-17          1   6.25e-17  -4.16e-17   8.33e-17   4.34e-16  -5.55e-17  -1.25e-16 
 -1.18e-16   6.25e-17          1   7.63e-17   2.64e-16   4.16e-17   5.55e-17   1.25e-16 
 -2.08e-17  -4.16e-17   7.63e-17          1  -3.26e-16    3.5e-16   5.55e-17   4.16e-17 
  1.42e-16   8.33e-17   2.64e-16  -3.26e-16          1   1.91e-16   1.39e-16  -1.94e-16 
  2.27e-16   4.34e-16   4.16e-17    3.5e-16   1.91e-16          1  -2.08e-16  -2.01e-16 
 -8.33e-17  -5.55e-17   5.55e-17   5.55e-17   1.39e-16  -2.08e-16          1   1.39e-16 
  9.02e-17  -1.25e-16   1.25e-16   4.16e-17  -1.94e-16  -2.01e-16   1.39e-16          1 

 Is V orthogonal? is V^T*V=I? True


Part B:
Convergence plot for dr (with fixed Rmax) is plotted in convergence-dr.svg in plots folder
Convergence plot for rmax (with fixed dr) is plotted in convergence-rmax.svg in plots folder
The eigenfunctions are plotted in eigenfunctions.svg in plots folder
